57

7 8 1 9
8 9 1 11
35 40 2 26
4 35 2 27
28 33 3 22
33 38 3 24
4 38 3 27
3 10 4 10
1 10 4 12
5 7 5 9
18 19 6 14
18 25 6 15
0 19 6 16
25 30 6 20
30 31 6 25
0 31 6 26
6 9 7 11
6 14 7 13
14 22 7 18
22 29 7 20
28 29 7 22
5 12 8 9
3 15 8 10
12 20 8 14
15 20 8 16
8 11 9 11
11 12 9 14
2 10 10 12
2 15 10 16
6 16 11 13
11 16 11 14
2 21 12 16
1 21 12 17
16 17 13 14
13 17 13 15
13 14 13 18
17 18 14 15
19 20 14 16
13 26 15 18
25 26 15 20
21 24 16 17
24 27 16 19
27 36 16 21
0 36 16 26
22 26 18 20
23 29 20 22
23 30 20 25
36 37 21 26
32 33 22 24
23 32 22 25
37 41 23 26
32 39 24 25
38 39 24 27
31 34 25 26
34 39 25 27
34 35 26 27
40 41 26 28

28

7 -1.000 -0.980 0.147
4 0.960 1.000 0.219
4 -0.960 0.980 0.120
1 0.939 -1.000 0.408
5 -0.939 -1.000 0.161
0 -0.010 -0.030 1.264
6 -0.919 -0.051 0.168
3 -0.111 -1.000 0.933
5 -0.798 -0.818 0.209
2 0.818 -0.636 0.621
6 -0.778 -0.616 0.220
1 0.838 -0.434 0.592
6 -0.758 -0.414 0.229
11 -0.354 -0.394 0.566
13 -0.333 -0.192 0.569
0 0.273 -0.172 2.440
1 0.879 -0.152 0.499
13 -0.717 -0.010 0.234
24 0.899 0.051 0.437
22 -0.697 0.192 0.229
27 0.919 0.253 0.376
23 -0.677 0.394 0.221
37 0.939 0.455 0.321
32 -0.657 0.596 0.209
23 -0.253 0.616 0.391
0 0.354 0.636 0.612
4 -0.636 0.798 0.195
40 0.980 0.859 0.234

42

6 16 26
4 12 17
10 12 16
4 8 10
2 3 27
5 8 9
7 11 13
1 5 9
1 9 11
1 7 11
4 10 12
9 11 14
8 9 14
13 15 18
7 13 18
8 10 16
11 13 14
13 14 15
6 14 15
6 14 16
8 14 16
12 16 17
7 18 20
20 22 25
16 17 19
6 15 20
15 18 20
16 19 21
3 7 22
7 20 22
6 20 25
6 25 26
22 24 25
3 22 24
25 26 27
2 26 27
16 21 26
21 23 26
3 24 27
24 25 27
2 26 28
23 26 28
