-1.000 -0.980 0.147
0.960 1.000 0.219
-0.960 0.980 0.120
0.939 -1.000 0.408
-0.939 -1.000 0.161
-0.010 -0.030 1.264
-0.919 -0.051 0.168
-0.111 -1.000 0.933
-0.798 -0.818 0.209
0.818 -0.636 0.621
-0.778 -0.616 0.220
0.838 -0.434 0.592
-0.758 -0.414 0.229
-0.354 -0.394 0.566
-0.333 -0.192 0.569
0.273 -0.172 2.440
0.879 -0.152 0.499
-0.717 -0.010 0.234
0.899 0.051 0.437
-0.697 0.192 0.229
0.919 0.253 0.376
-0.677 0.394 0.221
0.939 0.455 0.321
-0.657 0.596 0.209
-0.253 0.616 0.391
0.354 0.636 0.612
-0.636 0.798 0.195
0.980 0.859 0.234
