23

2 5 1 9
2 6 1 11
4 16 2 14
14 17 3 13
16 17 3 14
7 12 4 12
3 5 5 9
10 15 6 7
9 11 6 9
1 13 6 10
10 11 6 11
9 13 6 12
0 15 6 13
0 1 6 14
6 10 7 11
14 15 7 13
3 8 8 9
7 8 8 12
2 11 9 11
8 9 9 12
12 13 10 12
1 4 10 14
0 17 13 14

14

2 0.000 0.202 0.508
4 20.000 20.000 1.000
14 0.000 20.000 -6859.000
7 20.000 0.000 9261.000
3 0.000 0.000 1.000
0 9.899 9.899 1.000
6 0.000 9.899 -704.729
3 9.899 0.000 1294.669
2 7.879 1.818 351.986
1 18.788 7.273 1960.236
2 1.818 5.051 -11.124
7 15.960 5.859 1368.004
0 2.828 13.939 -1033.705
0 17.980 17.980 1.000

18

6 13 14
6 10 14
1 9 11
5 8 9
2 10 14
1 5 9
1 7 11
4 8 12
8 9 12
6 9 12
6 7 11
6 9 11
4 10 12
6 10 12
3 7 13
6 7 13
2 3 14
3 13 14
