63

29 30 2 45
28 29 3 45
27 28 4 45
26 27 5 45
25 26 6 45
24 25 7 45
23 24 8 45
22 23 9 45
21 22 10 45
20 21 11 45
0 20 12 45
0 1 12 46
1 2 13 46
2 19 14 46
19 32 14 47
3 32 15 47
3 34 15 48
34 35 15 49
33 35 16 49
4 33 17 49
4 37 17 50
37 38 17 51
36 38 18 51
5 36 19 51
5 40 19 52
40 41 19 53
39 41 20 53
6 39 21 53
6 42 21 54
42 43 21 55
31 43 22 55
7 31 23 55
7 8 23 56
8 44 24 56
44 45 24 57
9 45 25 57
9 10 25 58
10 47 26 58
11 47 26 59
11 12 26 60
12 13 27 60
13 50 28 60
14 50 28 61
14 15 28 62
15 16 29 62
16 53 30 62
53 54 30 63
17 54 31 63
17 18 31 64
18 56 32 64
56 57 32 65
46 57 33 65
46 48 33 66
48 49 34 66
49 51 35 66
51 52 36 66
52 55 37 66
55 58 38 66
58 59 39 66
59 60 40 66
60 61 41 66
61 62 42 66
62 63 43 66

66

30 0.000 0.000 15
29 0.202 0.000 45
28 0.404 0.000 76
27 0.606 0.000 23
26 0.808 0.000 87
25 1.010 0.000 23
24 1.212 0.000 87
23 1.414 0.000 23
22 1.616 0.000 98
21 1.818 0.000 222
20 2.020 0.000 -45
0 2.222 0.000 23
1 2.424 0.000 7
2 2.626 0.000 45
3 2.828 0.000 95
33 3.030 0.000 234
4 3.232 0.000 345
36 3.434 0.000 645
5 3.636 0.000 23
39 3.838 0.000 23
6 4.040 0.000 23
31 4.242 0.000 89
7 4.444 0.000 32
8 4.646 0.000 87
9 4.848 0.000 32
10 5.051 0.000 23
12 5.253 0.000 09
13 5.455 0.000 23
15 5.657 0.000 65
16 5.859 0.000 12
17 6.061 0.000 98
18 6.263 0.000 21
46 6.465 0.000 76
48 6.667 0.000 32
49 6.869 0.000 76
51 7.071 0.000 21
52 7.273 0.000 87
55 7.475 0.000 32
58 7.677 0.000 09
59 7.879 0.000 23
60 8.081 0.000 654
61 8.283 0.000 23
62 8.485 0.000 21
63 8.687 0.000 54
0 2.222 4.242 231
0 2.424 4.242 876
3 2.626 4.242 13
3 2.828 4.242 88
4 3.030 4.242 31
4 3.232 4.242 58
5 3.434 4.242 -33
5 3.636 4.242 75
6 3.838 4.242 28
6 4.040 4.242 321
7 4.242 4.242 66
7 4.444 4.242 321
9 4.646 4.242 89
9 4.848 4.242 38
11 5.051 4.242 38
11 5.253 4.242 45
14 5.455 4.242 78
14 5.657 4.242 22
17 5.859 4.242 57
17 6.061 4.242 12
46 6.263 4.242 -21
46 6.465 4.242 -4

64

12 45 46
12 13 46
13 14 46
15 47 48
17 49 50
19 51 52
21 53 54
23 55 56
23 24 56
25 57 58
25 26 58
26 59 60
26 27 60
27 28 60
28 61 62
28 29 62
29 30 62
31 63 64
31 32 64
14 46 47
11 12 45
10 11 45
9 10 45
8 9 45
7 8 45
6 7 45
5 6 45
4 5 45
3 4 45
2 3 45
1 2 45
22 23 55
14 15 47
16 17 49
15 48 49
15 16 49
18 19 51
17 50 51
17 18 51
20 21 53
19 52 53
19 20 53
21 54 55
21 22 55
24 56 57
24 25 57
33 65 66
26 58 59
33 34 66
34 35 66
28 60 61
35 36 66
36 37 66
30 62 63
30 31 63
37 38 66
32 64 65
32 33 65
38 39 66
39 40 66
40 41 66
41 42 66
42 43 66
43 44 66
